[gd_scene format=3 uid="uid://d25j0f0jg6nc6"]

[ext_resource type="PackedScene" uid="uid://cx7rsciexusnm" path="res://player/player_body_3d.tscn" id="2_dsgtm"]
[ext_resource type="PackedScene" uid="uid://dqosh81q150fd" path="res://scenarios/00_night_fight/00_night_fight_evidences.tscn" id="2_ia5wu"]
[ext_resource type="PackedScene" uid="uid://d1kcea5mswfvx" path="res://prototyping/assets/lab.glb" id="4_huww6"]
[ext_resource type="PackedScene" uid="uid://dtthlhayjwcce" path="res://devices/trash/trash_holder.tscn" id="5_ia5wu"]
[ext_resource type="PackedScene" uid="uid://btnady6llxq52" path="res://devices/computer/computer.tscn" id="5_kem4b"]
[ext_resource type="PackedScene" uid="uid://c5yflwcg3h70p" path="res://devices/dna_analyzer/dna_analyzer.tscn" id="6_17xy5"]

[sub_resource type="ProceduralSkyMaterial" id="ProceduralSkyMaterial_1jnja"]
sky_horizon_color = Color(0.66224277, 0.6717428, 0.6867428, 1)
ground_horizon_color = Color(0.66224277, 0.6717428, 0.6867428, 1)

[sub_resource type="Sky" id="Sky_f64p4"]
sky_material = SubResource("ProceduralSkyMaterial_1jnja")

[sub_resource type="Environment" id="Environment_dsgtm"]
sky = SubResource("Sky_f64p4")
ambient_light_source = 2
ambient_light_color = Color(1, 1, 1, 1)
reflected_light_source = 1
tonemap_mode = 2

[sub_resource type="WorldBoundaryShape3D" id="WorldBoundaryShape3D_huww6"]

[node name="Prototype Level" type="Node3D" unique_id=573298799]

[node name="WorldEnvironment" type="WorldEnvironment" parent="." unique_id=84319190]
environment = SubResource("Environment_dsgtm")

[node name="DirectionalLight3D" type="DirectionalLight3D" parent="WorldEnvironment" unique_id=1162066091]
transform = Transform3D(-0.9012211, -0.433273, -0.008668685, 0.01733774, -0.056036025, 0.9982782, -0.43301275, 0.8995191, 0.058012817, 0, 0, 0)
shadow_enabled = true
shadow_opacity = 0.6

[node name="Environment" type="Node3D" parent="." unique_id=560163200]

[node name="lab" parent="Environment" unique_id=675065015 instance=ExtResource("4_huww6")]

[node name="Ground World Boundary" type="StaticBody3D" parent="Environment/lab" unique_id=83751850]

[node name="CollisionShape3D" type="CollisionShape3D" parent="Environment/lab/Ground World Boundary" unique_id=2004881726]
shape = SubResource("WorldBoundaryShape3D_huww6")
debug_color = Color(0.7516415, 0.9316102, 0, 0.41960785)

[node name="Evidences" type="Node3D" parent="Environment" unique_id=1536998085]
transform = Transform3D(1, 0, 0, 0, 1, 0, 0, 0, 1, 3.0292587, 0.7222628, -3.756176)

[node name="00NightFight Evidences" parent="Environment/Evidences" unique_id=1178563297 instance=ExtResource("2_ia5wu")]

[node name="Devices" type="Node3D" parent="Environment" unique_id=259788603]

[node name="Computer" parent="Environment/Devices" unique_id=799874042 instance=ExtResource("5_kem4b")]
transform = Transform3D(-0.98464674, 0, -0.17455915, 0, 1, 0, 0.17455915, 0, -0.98464674, -2.062811, 0.882022, 5.09808)

[node name="Trash Holder" parent="Environment/Devices" unique_id=84210177 instance=ExtResource("5_ia5wu")]
transform = Transform3D(0.97678834, 0, 0.21420686, 0, 1, 0, -0.21420686, 0, 0.97678834, -4.6657453, 0, -3.9481316)

[node name="DNA Analyzer" parent="Environment/Devices" unique_id=513514856 instance=ExtResource("6_17xy5")]
transform = Transform3D(0.8960297, 0, 0.4439941, 0, 1, 0, -0.4439941, 0, 0.8960297, 0.3757767, 0.86830235, -0.5718197)

[node name="Player Body3D" parent="." unique_id=283082645 instance=ExtResource("2_dsgtm")]
transform = Transform3D(-4.371139e-08, 0, -1, 0, 1, 0, 1, 0, -4.371139e-08, -4.4007225, 0, -0.47458267)
